2006-01-02,11:00:00,3600.28,3603.31,3598.58,3601.22,0.0,0.0
2006-01-02,12:00:00,3601.26,3601.58,3590.32,3598.4,0.0,0.0
2006-01-02,13:00:00,3598.58,3600.78,3596.07,3596.85,0.0,0.0
2006-01-02,14:00:00,3596.73,3596.93,3594.45,3594.79,0.0,0.0
2006-01-02,15:00:00,3594.88,3596.55,3593.58,3596.52,0.0,0.0
2006-01-02,16:00:00,3596.36,3602.8,3595.8,3602.14,0.0,0.0
2006-01-02,17:00:00,3602.16,3603.93,3600.13,3602.56,0.0,0.0
2006-01-02,23:59:59,3602.5,3605.95,3602.25,3604.33,0.0,0.0
2006-01-03,10:00:00,3604.08,3631.61,3604.08,3630.97,0.0,0.0
2006-01-03,11:00:00,3631.34,3637.72,3630.82,3635.7,0.0,0.0
2006-01-03,12:00:00,3635.7,3638.42,3634.74,3636.95,0.0,0.0
2006-01-03,13:00:00,3636.49,3636.78,3633.34,3634.14,0.0,0.0
2006-01-03,14:00:00,3634.35,3637.0,3633.45,3637.0,0.0,0.0
2006-01-03,15:00:00,3637.26,3637.45,3631.98,3635.81,0.0,0.0
2006-01-03,16:00:00,3636.26,3636.33,3628.56,3630.25,0.0,0.0
2006-01-03,17:00:00,3630.16,3630.16,3601.84,3610.05,0.0,0.0
2006-01-03,23:59:59,3610.58,3614.34,3603.82,3614.34,0.0,0.0
2006-01-04,10:00:00,3615.23,3650.67,3615.23,3644.73,0.0,0.0
2006-01-04,11:00:00,3643.96,3645.63,3629.17,3637.69,0.0,0.0
2006-01-04,12:00:00,3636.17,3644.44,3636.17,3641.54,0.0,0.0
2006-01-04,13:00:00,3642.65,3643.88,3639.7,3641.56,0.0,0.0
2006-01-04,14:00:00,3641.69,3642.21,3639.22,3640.43,0.0,0.0
2006-01-04,15:00:00,3640.57,3645.26,3639.38,3642.72,0.0,0.0
2006-01-04,16:00:00,3642.94,3647.62,3640.82,3645.23,0.0,0.0
2006-01-04,17:00:00,3645.1,3650.8,3642.15,3644.48,0.0,0.0
2006-01-04,23:59:59,3644.48,3652.46,3644.47,3652.46,0.0,0.0
2006-01-05,10:00:00,3652.19,3652.95,3644.96,3647.93,0.0,0.0
2006-01-05,11:00:00,3648.4,3654.05,3643.17,3652.51,0.0,0.0
2006-01-05,12:00:00,3652.53,3652.53,3646.19,3652.16,0.0,0.0
2006-01-05,13:00:00,3651.59,3653.73,3650.23,3651.95,0.0,0.0
2006-01-05,14:00:00,3651.88,3656.88,3651.6,3653.03,0.0,0.0
2006-01-05,15:00:00,3652.73,3656.0,3650.95,3654.42,0.0,0.0
2006-01-05,16:00:00,3654.63,3661.65,3653.67,3656.36,0.0,0.0
2006-01-05,17:00:00,3655.97,3660.92,3643.74,3646.99,0.0,0.0
2006-01-05,23:59:59,3647.1,3651.9,3645.85,3650.24,0.0,0.0
2006-01-06,10:00:00,3650.54,3655.18,3647.66,3649.63,0.0,0.0
2006-01-06,11:00:00,3649.48,3653.52,3647.91,3653.03,0.0,0.0
2006-01-06,12:00:00,3652.88,3656.28,3651.5,3655.3,0.0,0.0
2006-01-06,13:00:00,3655.86,3656.47,3653.61,3655.45,0.0,0.0
2006-01-06,14:00:00,3655.57,3662.6,3654.34,3660.02,0.0,0.0
2006-01-06,15:00:00,3660.14,3664.54,3656.03,3664.25,0.0,0.0
2006-01-06,16:00:00,3664.56,3665.18,3657.18,3659.65,0.0,0.0
2006-01-06,17:00:00,3660.0,3660.0,3655.43,3659.06,0.0,0.0
2006-01-06,23:59:59,3659.05,3666.99,3657.62,3666.99,0.0,0.0
2006-01-09,10:00:00,3667.1,3685.99,3667.1,3680.05,0.0,0.0
2006-01-09,11:00:00,3679.73,3682.54,3675.57,3680.67,0.0,0.0
2006-01-09,12:00:00,3680.6,3685.32,3678.96,3683.38,0.0,0.0
2006-01-09,13:00:00,3683.66,3683.66,3676.93,3677.57,0.0,0.0
2006-01-09,14:00:00,3677.63,3679.22,3677.29,3678.72,0.0,0.0
2006-01-09,15:00:00,3678.65,3679.21,3673.56,3674.86,0.0,0.0
2006-01-09,16:00:00,3675.36,3679.44,3671.94,3673.17,0.0,0.0
2006-01-09,17:00:00,3673.29,3677.19,3670.4,3673.29,0.0,0.0
2006-01-09,23:59:59,3672.96,3673.98,3671.63,3671.78,0.0,0.0
2006-01-10,10:00:00,3671.23,3671.23,3648.83,3650.11,0.0,0.0
2006-01-10,11:00:00,3650.15,3651.56,3645.66,3648.1,0.0,0.0
2006-01-10,12:00:00,3647.81,3650.03,3638.77,3644.06,0.0,0.0
2006-01-10,13:00:00,3642.84,3644.94,3640.31,3643.93,0.0,0.0
2006-01-10,14:00:00,3643.99,3647.38,3643.56,3644.98,0.0,0.0
2006-01-10,15:00:00,3645.31,3646.13,3641.03,3643.11,0.0,0.0
2006-01-10,16:00:00,3643.01,3647.8,3639.16,3644.76,0.0,0.0
2006-01-10,17:00:00,3645.02,3653.53,3644.76,3651.03,0.0,0.0
2006-01-10,23:59:59,3651.23,3651.8,3644.94,3644.94,0.0,0.0
2006-01-11,10:00:00,3645.73,3669.52,3645.73,3665.51,0.0,0.0
2006-01-11,11:00:00,3665.76,3667.95,3664.0,3665.8,0.0,0.0
2006-01-11,12:00:00,3665.44,3673.7,3665.02,3673.7,0.0,0.0
2006-01-11,13:00:00,3671.38,3674.31,3668.7,3669.33,0.0,0.0
2006-01-11,14:00:00,3669.25,3669.25,3659.87,3665.17,0.0,0.0
2006-01-11,15:00:00,3665.17,3665.79,3662.06,3665.54,0.0,0.0
2006-01-11,16:00:00,3665.32,3665.32,3654.91,3657.52,0.0,0.0
2006-01-11,17:00:00,3658.05,3664.62,3655.76,3657.94,0.0,0.0
2006-01-11,23:59:59,3658.26,3668.61,3656.81,3668.61,0.0,0.0
2006-01-12,10:00:00,3667.16,3669.98,3658.48,3662.13,0.0,0.0
2006-01-12,11:00:00,3661.64,3667.38,3659.92,3665.73,0.0,0.0
2006-01-12,12:00:00,3665.93,3666.6,3661.08,3663.27,0.0,0.0
2006-01-12,13:00:00,3663.1,3664.45,3658.95,3660.44,0.0,0.0
2006-01-12,14:00:00,3660.26,3660.87,3656.99,3658.19,0.0,0.0
2006-01-12,15:00:00,3658.41,3664.47,3658.24,3664.31,0.0,0.0
2006-01-12,16:00:00,3664.09,3665.95,3660.81,3661.85,0.0,0.0
2006-01-12,17:00:00,3661.98,3671.85,3661.63,3671.85,0.0,0.0
2006-01-12,23:59:59,3672.14,3676.0,3667.52,3670.2,0.0,0.0
2006-01-13,10:00:00,3670.27,3670.27,3641.4,3644.7,0.0,0.0
2006-01-13,11:00:00,3644.67,3644.87,3631.91,3636.4,0.0,0.0
2006-01-13,12:00:00,3636.6,3637.53,3632.26,3636.82,0.0,0.0
2006-01-13,13:00:00,3636.33,3637.4,3635.05,3635.75,0.0,0.0
2006-01-13,14:00:00,3635.76,3635.76,3626.56,3630.73,0.0,0.0
2006-01-13,15:00:00,3630.37,3634.25,3627.21,3631.05,0.0,0.0
2006-01-13,16:00:00,3631.14,3633.84,3626.6,3630.79,0.0,0.0
2006-01-13,17:00:00,3630.85,3631.55,3618.06,3622.55,0.0,0.0
2006-01-13,23:59:59,3622.96,3631.75,3622.71,3629.25,0.0,0.0
2006-01-16,10:00:00,3628.73,3631.36,3621.03,3628.09,0.0,0.0
2006-01-16,11:00:00,3628.39,3635.36,3627.98,3630.24,0.0,0.0
2006-01-16,12:00:00,3630.06,3636.01,3629.69,3635.01,0.0,0.0
2006-01-16,13:00:00,3634.81,3637.11,3634.81,3636.59,0.0,0.0
2006-01-16,14:00:00,3636.3,3637.41,3635.98,3636.95,0.0,0.0
2006-01-16,15:00:00,3636.85,3639.54,3636.01,3639.41,0.0,0.0
2006-01-16,16:00:00,3639.96,3640.51,3638.18,3639.36,0.0,0.0
2006-01-16,17:00:00,3639.4,3648.64,3639.4,3648.3,0.0,0.0
2006-01-16,23:59:59,3648.19,3649.1,3644.32,3644.41,0.0,0.0
2006-01-17,10:00:00,3639.57,3639.57,3610.65,3612.52,0.0,0.0
2006-01-17,11:00:00,3612.95,3617.48,3607.09,3616.8,0.0,0.0
2006-01-17,12:00:00,3616.68,3617.52,3612.36,3614.21,0.0,0.0
2006-01-17,13:00:00,3613.38,3617.29,3611.67,3614.89,0.0,0.0
2006-01-17,14:00:00,3614.98,3616.05,3611.61,3612.68,0.0,0.0
2006-01-17,15:00:00,3612.79,3612.79,3606.54,3611.08,0.0,0.0
2006-01-17,16:00:00,3611.26,3620.13,3609.76,3615.75,0.0,0.0
2006-01-17,17:00:00,3615.57,3619.39,3608.39,3611.69,0.0,0.0
2006-01-17,23:59:59,3612.55,3616.73,3609.85,3610.07,0.0,0.0
2006-01-18,10:00:00,3609.34,3609.34,3550.16,3565.58,0.0,0.0
2006-01-18,11:00:00,3565.42,3565.46,3555.17,3558.55,0.0,0.0
2006-01-18,12:00:00,3558.59,3564.36,3558.42,3560.74,0.0,0.0
2006-01-18,13:00:00,3561.57,3561.57,3557.21,3557.89,0.0,0.0
2006-01-18,14:00:00,3558.11,3569.13,3557.33,3565.52,0.0,0.0
2006-01-18,15:00:00,3565.42,3569.2,3563.62,3569.2,0.0,0.0
2006-01-18,16:00:00,3569.13,3579.21,3567.9,3573.61,0.0,0.0
2006-01-18,17:00:00,3573.75,3588.08,3572.95,3579.3,0.0,0.0
2006-01-18,23:59:59,3579.24,3579.73,3570.17,3570.17,0.0,0.0
2006-01-19,10:00:00,3572.19,3597.34,3572.19,3589.94,0.0,0.0
2006-01-19,11:00:00,3589.78,3594.37,3586.86,3589.18,0.0,0.0
2006-01-19,12:00:00,3589.32,3591.04,3587.06,3588.87,0.0,0.0
2006-01-19,13:00:00,3588.35,3589.15,3580.11,3587.53,0.0,0.0
2006-01-19,14:00:00,3587.48,3589.53,3581.23,3586.15,0.0,0.0
2006-01-19,15:00:00,3586.5,3593.5,3586.49,3590.87,0.0,0.0
2006-01-19,16:00:00,3590.84,3595.83,3590.2,3592.27,0.0,0.0
2006-01-19,17:00:00,3592.79,3594.11,3585.81,3589.79,0.0,0.0
2006-01-19,23:59:59,3590.04,3595.51,3589.51,3593.22,0.0,0.0
2006-01-20,10:00:00,3593.16,3611.72,3593.16,3610.88,0.0,0.0
2006-01-20,11:00:00,3612.37,3612.37,3607.06,3609.0,0.0,0.0
2006-01-20,12:00:00,3609.22,3609.22,3597.65,3599.29,0.0,0.0
2006-01-20,13:00:00,3603.64,3603.64,3592.67,3593.2,0.0,0.0
2006-01-20,14:00:00,3593.21,3593.62,3589.31,3593.62,0.0,0.0
2006-01-20,15:00:00,3593.72,3595.19,3590.83,3591.31,0.0,0.0
2006-01-20,16:00:00,3591.29,3597.82,3584.5,3584.5,0.0,0.0
2006-01-20,17:00:00,3584.01,3589.65,3555.66,3561.36,0.0,0.0
2006-01-20,23:59:59,3559.71,3568.18,3550.8,3550.8,0.0,0.0
2006-01-23,10:00:00,3550.24,3550.24,3515.07,3528.22,0.0,0.0
2006-01-23,11:00:00,3528.17,3537.82,3525.69,3535.81,0.0,0.0
2006-01-23,12:00:00,3535.35,3536.01,3530.75,3532.68,0.0,0.0
2006-01-23,13:00:00,3533.06,3533.08,3519.94,3523.07,0.0,0.0
2006-01-23,14:00:00,3522.97,3533.6,3522.03,3531.4,0.0,0.0
2006-01-23,15:00:00,3531.33,3535.73,3529.09,3531.56,0.0,0.0
2006-01-23,16:00:00,3531.33,3533.58,3528.88,3529.03,0.0,0.0
2006-01-23,17:00:00,3527.17,3537.33,3521.89,3536.17,0.0,0.0
2006-01-23,23:59:59,3535.93,3545.85,3534.75,3544.31,0.0,0.0
2006-01-24,10:00:00,3544.78,3550.83,3530.96,3533.82,0.0,0.0
2006-01-24,11:00:00,3534.01,3539.79,3531.58,3533.06,0.0,0.0
2006-01-24,12:00:00,3533.26,3535.32,3528.92,3533.32,0.0,0.0
2006-01-24,13:00:00,3533.16,3541.25,3531.59,3540.87,0.0,0.0
2006-01-24,14:00:00,3541.06,3544.17,3539.15,3542.93,0.0,0.0
2006-01-24,15:00:00,3543.11,3543.11,3537.69,3540.24,0.0,0.0
2006-01-24,16:00:00,3540.33,3550.64,3538.32,3550.23,0.0,0.0
2006-01-24,17:00:00,3550.25,3553.16,3540.78,3540.82,0.0,0.0
2006-01-24,23:59:59,3540.97,3540.97,3526.37,3532.68,0.0,0.0
2006-01-25,10:00:00,3532.72,3551.63,3532.72,3551.1,0.0,0.0
2006-01-25,11:00:00,3551.29,3557.91,3551.29,3553.67,0.0,0.0
2006-01-25,12:00:00,3553.7,3565.12,3553.7,3563.88,0.0,0.0
2006-01-25,13:00:00,3563.09,3566.18,3559.07,3559.27,0.0,0.0
2006-01-25,14:00:00,3558.67,3568.58,3558.51,3563.75,0.0,0.0
2006-01-25,15:00:00,3563.88,3567.82,3563.8,3567.13,0.0,0.0
2006-01-25,16:00:00,3567.4,3570.54,3563.03,3566.92,0.0,0.0
2006-01-25,17:00:00,3567.17,3573.03,3549.99,3561.57,0.0,0.0
2006-01-25,23:59:59,3561.9,3578.0,3561.45,3578.0,0.0,0.0
2006-01-26,10:00:00,3578.92,3613.81,3577.98,3608.73,0.0,0.0
2006-01-26,11:00:00,3609.05,3640.93,3609.05,3627.42,0.0,0.0
2006-01-26,12:00:00,3627.61,3639.39,3620.79,3634.28,0.0,0.0
2006-01-26,13:00:00,3634.74,3634.74,3625.34,3628.11,0.0,0.0
2006-01-26,14:00:00,3628.38,3632.76,3626.37,3629.48,0.0,0.0
2006-01-26,15:00:00,3629.58,3632.17,3618.79,3622.18,0.0,0.0
2006-01-26,16:00:00,3622.88,3626.37,3619.12,3623.55,0.0,0.0
2006-01-26,17:00:00,3622.12,3636.5,3618.76,3636.5,0.0,0.0
2006-01-26,23:59:59,3636.57,3641.42,3630.64,3641.42,0.0,0.0
2006-01-27,10:00:00,3643.35,3678.85,3643.35,3673.43,0.0,0.0
2006-01-27,11:00:00,3673.16,3678.88,3666.37,3666.73,0.0,0.0
2006-01-27,12:00:00,3667.07,3671.99,3662.72,3662.87,0.0,0.0
2006-01-27,13:00:00,3663.83,3668.87,3662.21,3667.33,0.0,0.0
2006-01-27,14:00:00,3667.44,3668.23,3662.42,3667.21,0.0,0.0
2006-01-27,15:00:00,3666.94,3674.71,3649.8,3652.08,0.0,0.0
2006-01-27,16:00:00,3651.97,3667.79,3650.32,3662.93,0.0,0.0
2006-01-27,17:00:00,3663.61,3681.97,3663.33,3679.26,0.0,0.0
2006-01-27,23:59:59,3678.97,3685.95,3676.09,3685.48,0.0,0.0
2006-01-30,10:00:00,3684.38,3684.38,3664.45,3682.92,0.0,0.0
2006-01-30,11:00:00,3682.99,3685.22,3673.06,3673.85,0.0,0.0
2006-01-30,12:00:00,3674.03,3676.86,3669.57,3674.65,0.0,0.0
2006-01-30,13:00:00,3674.54,3678.44,3673.42,3676.06,0.0,0.0
2006-01-30,14:00:00,3675.75,3676.78,3671.06,3672.42,0.0,0.0
2006-01-30,15:00:00,3672.39,3677.99,3672.39,3675.38,0.0,0.0
2006-01-30,16:00:00,3675.58,3681.39,3675.53,3677.04,0.0,0.0
2006-01-30,17:00:00,3677.21,3685.65,3676.53,3681.9,0.0,0.0
2006-01-30,18:00:00,3681.88,3681.88,3676.31,3677.52,0.0,0.0
